ANNOT	NSNP	STD	TAU1	TAU1_SE	TAU2	TAU2_SE	THETA	THETA_SE	HSQ1	HSQ1_SE	HSQ2	HSQ2_SE	GCOV	GCOV_SE	GCORSQ	GCORSQ_SE	HSQ1_ENRICHMENT	HSQ1_ENRICHMENT_SE	HSQ2_ENRICHMENT	HSQ2_ENRICHMENT_SE	GCOV_ENRICHMENT	GCOV_ENRICHMENT_SE	GCORSQ_ENRICHMENT	GCORSQ_ENRICHMENT_SE	GCORSQ_ENRICHMENT_P	GCOVSQ_DIFF	GCOVSQ_DIFF_SE	GCOVSQ_DIFF_P
base	1014252.0	0.0	1.8143960289762617e-07	3.3958724543481367e-07	-1.5690991972405754e-07	2.487035430931428e-07	3.983290497444614e-08	2.1386628645814199e-07	0.20711390016982717	0.02290653595496856	0.2210914724160055	0.023686499857369665	0.15108078058788083	0.013541217449072347	0.5028046441459784	0.1219010807899492	0.9999999335162125	2.1539077321045124e-07	1.0000000019457072	2.13566275538589e-07	1.0000001130084142	3.0255711334693124e-07	1.0	0.0	1.0	-0.0003665776597409076	8.077100311708053e-05	3.6885108740669637e-05
Coding_UCSC.bed	13672.0	0.11472617	-1.4724680568178883e-06	1.4060937019166886e-06	1.7334697304249858e-06	1.984624987017014e-06	-5.409303867054405e-07	1.2052610145474318e-06	0.017185622417648136	0.01462886636248479	0.018885126739739987	0.013218563963726088	0.014496975512026885	0.010008882584415079	0.5307354015427015	0.19403285838122877	6.325383850552814	5.247103577981407	6.223757174846669	4.463864524124503	6.8119604519388295	4.982891855061351	1.055549919281601	0.39745402050668727	0.8894190611605186	-5.1258282261986424e-05	0.0003047465387127424	0.8671185071579517
Coding_UCSC.extend.500.bed	63490.0	0.24223618	7.952323244353465e-07	4.1334379830004764e-07	4.027265845252259e-07	3.882691999024246e-07	2.847301345809683e-07	2.9910361831753107e-07	0.06548536289346794	0.018037304105935934	0.04790709749788927	0.013463900072289418	0.03403864561785847	0.014128727444607183	0.45878184759472596	0.12839035570634444	5.176573881692866	1.4764543412195168	3.45049499852961	0.9922200159011783	3.5652772599018725	1.4974821051248381	0.9124455251879667	0.2070419309502734	0.6742309316016701	-0.0006079200425176028	0.0009715389737083201	0.5343965663450216
Conserved_LindbladToh.bed	26970.0	0.16025886	5.513521728062187e-07	8.807461426840746e-07	5.48149955648114e-07	9.346192655357299e-07	8.960086574916204e-07	8.285308013000758e-07	0.0282621203545068	0.02149836418909056	0.023897968287967093	0.021748810772807724	0.032411652602399144	0.019844733446156886	0.5743940008387249	0.17555820252871907	5.191660722597993	3.9281553582923143	4.16702036108521	3.7414205404354033	8.23311337904964	5.025649656097075	1.1423800625675251	0.25297627377828463	0.5761238192151996	0.00029910708793527566	0.0012690490439681943	0.8146525723481279
Conserved_LindbladToh.extend.500.bed	360608.0	0.47874096	-1.2945125149599335e-07	2.597003856408264e-07	-1.1940196031900996e-07	2.356211012966014e-07	-2.0653365240264066e-08	1.688239308350603e-07	0.11896967715109288	0.04157165123930502	0.11003848548276186	0.03985706635033927	0.09569680003859314	0.02452884026476061	0.5411407981257114	0.15397329813042573	1.6701470919517465	0.6031126833667415	1.3762409315529305	0.47302207305318816	1.802122378612872	0.4670376388132222	1.0762446298499242	0.14901328190450094	0.6111849237529636	0.0020942076511406733	0.004213996892277247	0.6214364689542964
CTCF_Hoffman.bed	24221.0	0.15243587	-5.008533321415598e-07	1.3649909078594646e-06	-8.892936307347554e-07	1.233940793099464e-06	-1.6906298014873755e-06	1.03873446732905e-06	-0.009254090401934104	0.020209472011042565	-0.013108670798284433	0.018807643201942278	-0.019587746780279403	0.016888564789097213	0.3704818698802897	0.19020226201603202	-1.8982408507178083	4.133582286172192	-2.375182653427858	3.631072946170941	-5.289984744497056	4.652972058840211	0.7368306442546071	0.29419989882826125	0.37541371310266314	8.285800404810392e-05	0.0006524561654576017	0.899464877864881
CTCF_Hoffman.extend.500.bed	71961.0	0.25599664	-3.45909057841709e-07	6.160739189908782e-07	1.7402837215740874e-07	5.458015266412986e-07	4.868228415944031e-07	4.1893147795235564e-07	-0.003865568504727754	0.02199022947821661	0.008343860468711642	0.01744257039198368	0.017314498545095404	0.015753061936394606	0.6341169473971477	0.2858895779174355	-0.22847494767969778	1.5087748120937667	0.627663673576373	1.1161448395847877	1.6301363198505054	1.4475240731465238	1.261159686530353	0.4215026516947444	0.538396964408586	7.740135170798611e-05	0.000549061649634237	0.8884714028694534
DGF_ENCODE.bed	142683.0	0.3501331	-7.521863949477847e-07	7.486067374884442e-07	-6.935759984116885e-07	6.681866011604143e-07	1.0987434961862164e-07	4.43581228637413e-07	0.001229137325837116	0.06024949977574037	0.0073188201746699245	0.06164768935607065	0.06409245786630798	0.04161735908421953	0.5806823279456814	0.16997684961303394	-0.012451688307428245	2.0943881130600883	0.32060800464332434	1.968784751265608	3.1636326408250355	1.944896936725476	1.1548865642082116	0.1259249051590323	0.22457312059494194	0.0023639120763127076	0.005319334653230595	0.6587100958643202
DGF_ENCODE.extend.500.bed	566066.0	0.49501464	4.993455604562769e-07	2.48485179099589e-07	2.6313310286241176e-07	2.974931874177855e-07	-6.434157029389098e-08	1.5939399133912957e-07	0.20218610752954216	0.04321088481712636	0.1757337217554294	0.0371343589524929	0.1344044244835508	0.025914810694944165	0.5033336018169061	0.11672248351929188	1.7637339715878662	0.389215261489196	1.4025602988966857	0.3011351096218831	1.6000002334170593	0.29326805695358105	1.0010520142904134	0.12712853711559002	0.9934310197073761	-0.0006389025655691161	0.007098031562108599	0.9286452185645491
DHS_peaks_Trynka.bed	115724.0	0.31857702	-3.6710974882225855e-07	8.456157161162992e-07	-3.157735051217969e-08	9.479569484938111e-07	-8.098711532511516e-07	5.610765470009937e-07	0.03754968558138085	0.0415657156111882	0.056656554929082226	0.06140750097222884	0.048364995003402855	0.039219106224341854	0.522836451472466	0.13983326526605383	1.6488665271519038	1.7903687973591662	2.2501767929573013	2.4146518593214203	2.8577289329971016	2.274376579337497	1.0398401398231156	0.11400323137166085	0.7282377215141094	-0.00022607619748127457	0.003626997622925458	0.9505524113048318
DHS_Trynka.bed	175024.0	0.3793625	2.3539219284884894e-07	7.063991347422416e-07	5.942733878327999e-07	7.871759066802042e-07	7.754176181151706e-07	4.651744802686153e-07	0.07597228059686474	0.04414273993525345	0.09777718541696184	0.05927204111451801	0.11249142753325933	0.04261274512720972	0.5656487816468272	0.14532639618989393	2.046690669513767	1.241736155644672	2.5792752924514066	1.5451731385374423	4.325172710098425	1.6316939455153534	1.124987185843501	0.09930636055583388	0.21413788340816464	0.007230267777081226	0.008578047746655859	0.403391046365458
DHS_Trynka.extend.500.bed	521239.0	0.49959892	-5.72210126392747e-07	3.381605608865357e-07	-2.3256724546172336e-07	3.487362505438796e-07	9.724727334514682e-08	1.9277926810445933e-07	0.11176205254890989	0.05228218471469054	0.11431975782208428	0.034653674752044956	0.1479900148596066	0.026487673181589354	0.65651122249054	0.16215785327003276	1.05111059146633	0.4936652743092128	1.0045343267254887	0.2816357783731968	1.9032757727305636	0.35005358730299485	1.3056984061983647	0.16375143494904207	0.06791250196383092	0.014784276445007336	0.007811552971485263	0.0643238656882692
Enhancer_Andersson.bed	4341.0	0.06516125	2.2814317901520553e-07	2.647272367539699e-06	4.627799796708132e-07	2.8497584025899414e-06	4.094665200682357e-06	2.2641370378551073e-06	0.004407635528357215	0.01005720355962781	0.0012011972728721036	0.009433238249348766	0.018058454743759236	0.007987748397222546	1.1185625500129621	0.5530087021104634	4.602639695274774	11.370302254015298	1.3705771306561116	9.976822051979882	27.640518382175454	11.884911357591344	2.224646416925719	0.9400991815341959	0.19877402336834726	0.0002665476271151371	0.0002830303432117736	0.3509338498759449
Enhancer_Andersson.extend.500.bed	19246.0	0.13570319	-5.855472906546311e-08	7.972664661792805e-07	-7.382549256362836e-07	9.170915973299998e-07	-4.985733994544717e-07	6.819828968218644e-07	0.012821848229502742	0.011540825062505035	-0.0024526115221216722	0.011252087052192734	0.016487063554819634	0.008747636178015623	0.8498841704725993	0.40273997656889493	3.2303167184207466	2.8635576058301555	-0.7729860769640615	2.6932637056587074	5.789728735553131	3.113223555303268	1.6902870336771472	0.6274349084064771	0.2766323645706332	0.00020726259771762178	0.0002783519681006706	0.4600662092381702
Enhancer_Hoffman.bed	43784.0	0.20213129	5.945200882706558e-07	9.853195024334127e-07	7.75818080001045e-07	8.880377890818636e-07	-3.0914347348698357e-07	7.109947546268813e-07	0.045786672284693894	0.02486639856683239	0.04491955297164533	0.02062633174663531	0.023165513625238138	0.018851561086523482	0.4512248537515979	0.13915346524665373	5.138705891333355	2.767678503279542	4.705312219036981	2.1961378932445164	3.4512543891670977	2.81331705767273	0.897415843320243	0.1592304974360178	0.5224182451446033	-0.0007679148182397507	0.0007839542350386951	0.3321247751889702
Enhancer_Hoffman.extend.500.bed	92916.0	0.28777066	-2.501804203802749e-07	5.293438789522042e-07	1.4986852647780324e-08	5.608858373307157e-07	9.220148911026627e-08	3.525276497384766e-07	0.06048287254619634	0.021775067177780945	0.06057789038909709	0.021958940714116332	0.05193945817458287	0.017666860690667176	0.5605448591042016	0.13639626632265578	3.227501766813801	1.2512117481022629	2.9769242615227176	1.1129969148071466	3.7338370449705	1.2273629038303893	1.114836280114906	0.19923707871610788	0.5669966415470986	0.0005493282019902448	0.0016044285187096772	0.7335274055155949
FetalDHS_Trynka.bed	87443.0	0.28134948	6.62364016079664e-07	8.23808193217701e-07	6.588988412659091e-07	7.02077898040443e-07	4.3861001586265047e-07	6.507539751510194e-07	0.07836514697216822	0.04039731201116588	0.06495743087474272	0.03763884589839124	0.06791361180398058	0.03697519429343528	0.5318447219386905	0.13205778964128412	4.402764678621495	2.402895882127329	3.535788811047936	1.9968344851547142	5.263908566171105	2.854663842386599	1.057756184495943	0.1115638518315095	0.6069997510327523	0.0007016751633602868	0.0045644487917505605	0.8784570376463534
FetalDHS_Trynka.extend.500.bed	296525.0	0.4526498	2.408026773537131e-07	3.5374546314415056e-07	-4.804434183824924e-07	3.3937232046810095e-07	-1.481110700751742e-07	3.0056966693337017e-07	0.1294691164637415	0.042615860409563104	0.054182096587806296	0.03236246581324929	0.09836406836031315	0.02927434992153981	0.5943392651798274	0.14155908609067583	2.1211258691038704	0.7394602386275851	0.8730860714286048	0.4873833492811571	2.172631676068722	0.6434293882350461	1.1820480818933605	0.14331013226080955	0.20997360693736322	0.005348527291241358	0.0050783858266222025	0.2974178817381712
H3K27ac_Hnisz.bed	406051.0	0.4892533	1.3462240531225689e-06	6.743811127307708e-07	2.040356577026614e-07	6.046761882316787e-07	-2.036472324107308e-07	5.180505695534521e-07	0.14701834604398464	0.022059797703633074	0.1440253850972671	0.022983430488807667	0.09447806595110067	0.012802707094478932	0.4553511994495049	0.10662600330032876	1.7747272522599606	0.2504414078455707	1.6320134197031004	0.22069284917054452	1.5676935893718302	0.19686762998453142	0.9056225012060621	0.14738360911614884	0.5249266017557548	-0.001919180388459887	0.0027702500412276725	0.4917166801794388
H3K27ac_Hnisz.extend.500.bed	438851.0	0.49658862	-1.5104095609785873e-06	6.474288056779187e-07	-2.766777811302745e-07	5.842966288582829e-07	5.831670435441083e-08	5.086795340503159e-07	0.11053012951897181	0.022559405566354215	0.14656206541489192	0.02182772594781034	0.10255613332829339	0.017809440726079595	0.5523624079698328	0.16196867843826135	1.235097869387571	0.21944178490054841	1.5331678342633812	0.19178002769361088	1.5758313278568072	0.22450880406823193	1.0985626612658463	0.15058655700842233	0.5158342848833946	0.0020915356860935694	0.0032252651588260293	0.5196990339453573
H3K27ac_PGC2.bed	279925.0	0.44855613	1.6077737541309034e-07	6.770279128431866e-07	-9.863267678156262e-07	5.107608558319043e-07	-2.8113117878092453e-07	4.2898267338387086e-07	0.12298282914495907	0.0390747599941643	0.07666047729614657	0.030407859137626243	0.0787134830718613	0.026701891249143593	0.5218361396785421	0.14489321950022227	2.145984475719347	0.7208439860865099	1.29509996464813	0.4908491578814334	1.894430856033808	0.5843649879469743	1.037850675713008	0.13027976557462295	0.7726340204665223	0.0006618978925865011	0.0036438939098178053	0.8566100731771786
H3K27ac_PGC2.extend.500.bed	348885.0	0.47771165	-1.1350388007258516e-07	5.306128514348529e-07	6.99938766501873e-07	4.700313525063393e-07	4.743458248412935e-08	3.5195344594285416e-07	0.12570809796172072	0.022844482558601272	0.14430700355720794	0.02682712230986493	0.09606039332918927	0.018213155282363943	0.5007433530963027	0.14092691036588711	1.7654859704361037	0.3251306000195464	1.886101642619502	0.3123456951194837	1.8473180363610482	0.29484633301026997	0.9959004136622946	0.14149813270054443	0.9770040285797459	-0.00026217408412207606	0.003172079705231918	0.93446613117111
H3K4me1_peaks_Trynka.bed	177694.0	0.380747	1.750268978639724e-07	5.077598643765668e-07	2.0445861537154997e-07	4.994528808310861e-07	2.6138209818782343e-07	4.0519796584703727e-07	0.08086779738684455	0.05224018605593623	0.09516977331133208	0.05318601217653313	0.08896834665715105	0.04163637660296526	0.5364697111738554	0.1360558806277368	2.268666600065118	1.438278351792032	2.362333191450748	1.31107903757615	3.3541269213331457	1.5453073314482497	1.0669545665892919	0.10564018008820379	0.5291600982289095	0.0022733320479579886	0.006907493273924826	0.7434743922873692
H3K4me1_Trynka.bed	444005.0	0.49432117	-6.630070288338175e-07	3.5165646750101587e-07	3.17011370043474e-07	3.430777155699616e-07	-1.9603855605510034e-07	3.124953309452394e-07	0.11250194431198295	0.03980306147684277	0.19224592666396456	0.040006402020309605	0.1255483900689099	0.03592859364679414	0.5317791155766205	0.1340616253505429	1.2251101662717465	0.41388321806750483	1.965046995096758	0.3876120403012607	1.889336484371536	0.4989147928489571	1.0576257036763368	0.09441987632138553	0.5444746970157337	0.0038355094866375714	0.007324069810600704	0.6028579132531142
H3K4me1_Trynka.extend.500.bed	631846.0	0.4845146	7.793054805915745e-07	2.3507374180553597e-07	2.9929542177953294e-10	2.685018785086868e-07	2.1169547892441187e-07	2.1882880218981882e-07	0.23416727844177898	0.031074523991914377	0.2016554290021046	0.026542767475170783	0.16403600350438385	0.023078950086218068	0.5320751814195067	0.12207027233676228	1.8036557036115	0.19893813084559048	1.470277238691	0.18647378782823287	1.740795282728101	0.21861176945980298	1.0582145324517533	0.13235919572089502	0.6619996592193806	0.0025925038105179404	0.00770725340121854	0.7380267125218651
H3K4me3_peaks_Trynka.bed	38867.0	0.19232954	4.7630624067096505e-07	8.680876817379612e-07	-2.0949216832377715e-06	9.9071610293322e-07	-4.665154733629606e-07	6.418966336241283e-07	0.041353641729038035	0.022717953263917783	-0.025915630863724635	0.027078420532221547	0.009049693644684956	0.018579230861038618	0.5274896264979226	0.18618356040007486	5.258349411396227	3.005712935411916	-2.8286399554394355	3.215713126490848	1.5045432358935125	3.180770515350614	1.049094579056389	0.275605282879081	0.8593524237844234	0.0002487461587976474	0.0007158653158508443	0.7297217540195309
H3K4me3_Trynka.bed	125928.0	0.32986087	7.755670594633557e-08	6.515834343190363e-07	2.9615625862788875e-07	6.405196586456441e-07	1.2664121129546402e-07	4.3346645384190197e-07	0.0783358599362179	0.03395593977121091	0.06257397553737012	0.034295451074368474	0.0638506968741786	0.021332596188915	0.5644955110643785	0.1655892031538102	3.2484256229806956	1.4117487752125684	2.2595266718081293	1.2495047716658356	3.36658740462628	1.082727139238484	1.1226935105644917	0.16695116447782557	0.4658992221617746	0.0011087877298170162	0.0023313125044628195	0.6364681639422649
H3K4me3_Trynka.extend.500.bed	245760.0	0.430707	-2.5098552214330994e-07	3.25445483895237e-07	2.707822659431258e-07	3.492946234473493e-07	3.8715409544920476e-08	2.7401409852245706e-07	0.09040266785110682	0.03028585695410909	0.12122725389259886	0.03507509587697215	0.09842799669319875	0.023468826802304266	0.590701924232268	0.14718272195828389	1.8407974861123642	0.6211036027604103	2.2587194812325344	0.5924602842602305	2.6673050555582014	0.6401002200889613	1.1748139781715512	0.17643083086958172	0.32663360256928153	0.003656496697461535	0.004499584411321797	0.42036106930711004
H3K9ac_peaks_Trynka.bed	37724.0	0.18938923	-1.1059516964451177e-06	1.1143824849568773e-06	1.3450320466290577e-06	1.0602775546431076e-06	-6.260646614464349e-07	9.75735474639805e-07	0.008245413106283694	0.02883514137228793	0.04142980113402982	0.029824787453035836	0.004027221920437513	0.026438322984562685	0.46731194971167167	0.12323192257261201	1.2341791421244108	3.7542498999374874	4.989822844120764	3.664556655488821	0.3427173254218563	4.7308764280682105	0.9294105676080388	0.1343388493100332	0.6016346661354435	-0.0007747544819211254	0.0005755787949602629	0.1844830118265104
H3K9ac_Trynka.bed	126212.0	0.3301601	1.8858192163406784e-07	7.162643100855348e-07	-8.536928817193257e-07	6.156898848530545e-07	-1.5283113441455498e-07	5.513506948773284e-07	0.08451783477467029	0.03228175973872393	0.04820618281697672	0.029275201827674655	0.06253068422886128	0.02873545128429696	0.5486394570081118	0.13305326135590323	3.3116155646009533	1.293716852513669	1.7475039267023615	1.0828139293165486	3.2527879654908247	1.476037439488385	1.0911582925809775	0.1289442975220751	0.48294077760265974	0.0011650469945164502	0.0030045037353513726	0.6998679910892474
H3K9ac_Trynka.extend.500.bed	231138.0	0.4186139	3.1324603355642466e-07	4.971342377757537e-07	4.615025090970448e-07	3.943403612538532e-07	5.219892500463175e-07	3.180334431363008e-07	0.1264812681575765	0.032231214833651656	0.12698567922565404	0.02722261424090376	0.12481002507187276	0.024134610913245248	0.6172684947593251	0.15696340467786085	2.6986970410056994	0.7407086114503129	2.5315565963340982	0.4870593525670785	3.6162021721708424	0.667419131283313	1.227650742581675	0.1373622527206783	0.10384836207300507	0.006950210396977508	0.005051279399195626	0.17509974826582098
Intron_UCSC.bed	405304.0	0.48797637	-1.7377734593537753e-06	1.7236089888683637e-06	3.7560423606919358e-06	1.6059181007221923e-06	-5.4618727318711535e-08	1.423736421202193e-06	0.09561738266083307	0.017109681332611024	0.11601379470266189	0.0167965781165911	0.0685769917284655	0.015130797751593402	0.4565891486016312	0.1494734793911876	1.1519734106229247	0.17507537559007702	1.309724553710258	0.1632893519103007	1.1396140646986441	0.20554134054017778	0.9080845889503568	0.14486868761872942	0.5287228602391738	-0.0011189222448817109	0.0017671579201009393	0.5295628730868933
Intron_UCSC.extend.500.bed	413786.0	0.49146694	1.6910138356251991e-06	1.7319046037300723e-06	-3.7651298043783754e-06	1.5926150354061974e-06	4.3283531425686306e-08	1.41945781706454e-06	0.11695014952597638	0.016345956858676722	0.10653037115959939	0.013795524347526717	0.07812572405200602	0.011980910542674729	0.49241335938455555	0.14205980093183618	1.3886249496514862	0.1597425871855966	1.18915607461342	0.12541764128580446	1.2717697767742184	0.14556655118122017	0.979333355643378	0.14830986954458272	0.8897465437240291	-0.00028609088783405987	0.001676511779647938	0.8652044136322377
PromoterFlanking_Hoffman.bed	8548.0	0.091133386	-7.086566711222986e-07	2.0526526895991992e-06	2.599786284918082e-06	1.8569613757790648e-06	-2.2667657972874622e-08	1.4348848935696878e-06	-0.0035986054715747597	0.012914949631600498	0.023022832593040683	0.011777546281943684	0.0011108217923754308	0.00803325313763591	0.32501962560536907	0.21621703338604137	-2.1490034960569298	7.449712210247535	11.661641512514379	6.559382484495379	0.584150640082662	6.3249166841254425	0.6464133324731318	0.38832354185930734	0.36699194818847936	-4.639460065623309e-05	0.00014905977708688968	0.7569322279898412
PromoterFlanking_Hoffman.extend.500.bed	33096.0	0.17890571	-4.2295476987419534e-07	8.48691286137182e-07	-8.561750064473017e-07	7.525402452301932e-07	-7.777795758556749e-07	7.142679123717244e-07	0.006097011903844483	0.016411009961993118	0.02118065406497517	0.01569707855491662	0.0016049933285040867	0.011204651646144355	0.3631426378174082	0.1567432334141423	1.0352623424272758	2.445383007353854	2.8400702163524194	2.1201607841804346	0.41162457304242533	2.274600349221192	0.7222340565970938	0.29675297007211765	0.3538546607648154	-0.0001863231559865542	0.0001797026206225563	0.3048994851559541
Promoter_UCSC.bed	27992.0	0.16297431	-3.2047708486970805e-08	2.259846723973169e-06	-3.520834980008658e-06	2.4021817353059305e-06	3.33339897906626e-07	1.5736520708742319e-06	0.021640414507724307	0.01581700595651896	0.009228646195788013	0.016375156945308875	0.013251160635753125	0.010424736260095333	0.4995350616828683	0.2371131689463371	3.9095048962399677	2.8412496968202823	1.3096308129636636	2.7138637652591107	3.201780776603273	2.5201064333961254	0.9934973105336696	0.41855760736946757	0.9876676916402909	-3.9405309382279676e-05	0.0002960293892738325	0.8946493214164781
Promoter_UCSC.extend.500.bed	34780.0	0.18288475	-8.564040854253108e-08	1.738535615913861e-06	3.1187257718556793e-06	1.8985441556651494e-06	-4.643139845939004e-07	1.379483819619054e-06	0.02386427076146712	0.010644152996427984	0.03433059517235785	0.010689355737651163	0.012597884823919102	0.010854117976763257	0.3737991540848938	0.17205660280522045	3.4283496843962213	1.5098499763608428	4.408389714179617	1.496298081585494	2.4806551755954755	2.079104567429729	0.7434282050433276	0.2766442392414778	0.3582424830915789	-0.0003687853715367708	0.0003419414249078689	0.2860893460483649
Repressed_Hoffman.bed	470839.0	0.49866205	1.194836016793488e-07	2.8859315648332995e-07	4.083740066107566e-07	2.628683262173581e-07	1.6651894441110926e-07	2.0380247178763966e-07	0.11531950568213908	0.04612001113607457	0.13509104167355576	0.03902389696180504	0.08063145467347312	0.02702328044065846	0.4756363222767175	0.13011188861631717	1.1887783451622678	0.4583274584475565	1.3138081168157132	0.3715542658287853	1.1689414127766549	0.38510038262801644	0.9459664460430617	0.1530198427219748	0.725517089238469	-0.0019129020699215809	0.0053572886039394245	0.7225761225247758
Repressed_Hoffman.extend.500.bed	738888.0	0.445374	-4.6737534376006806e-07	2.7349631182005396e-07	-1.4930542135971336e-07	2.1380223813594057e-07	-3.324272768168157e-07	1.6078467979241395e-07	0.06163772593104692	0.026542430309120426	0.10758015165328252	0.025079656812907188	0.043692827847654755	0.014155526350860459	0.3930991931224987	0.14566919290097294	0.40395662100904134	0.15409853842157675	0.6607880225578984	0.11435400665791294	0.4017261674725565	0.12215298920646889	0.7818129718952455	0.1560951391121615	0.16847468644587238	-0.0015895230421733063	0.0015190868156280508	0.30052575564199646
SuperEnhancer_Hnisz.bed	175016.0	0.37941587	-1.1495112630655058e-06	3.021627890120726e-06	-2.468987759129959e-06	3.182677573931869e-06	3.3139055943820495e-08	2.394388047832763e-06	0.08737108224585155	0.013042311096716299	0.08191931060089293	0.014702225202084994	0.062152276796831024	0.010303511980535505	0.5249769823570728	0.1202925272385296	2.4669196660900043	0.33170646015829275	2.134335766333808	0.347210497464802	2.4003160348771173	0.36850685590910115	1.044097321831135	0.16445052621880601	0.7897099215668839	0.0001286943353930813	0.0010249444048956058	0.9005922033171847
SuperEnhancer_Hnisz.extend.500.bed	178161.0	0.38078225	1.284323957406741e-06	2.987951575050829e-06	2.6425848318467615e-06	3.1520071388513315e-06	7.735844320677643e-08	2.3805816908861743e-06	0.09043567637928479	0.011309333111164102	0.09117995232816495	0.012135866295121114	0.06309565459132853	0.00821074328902697	0.49353192804373947	0.10529366908509205	2.5038958511446405	0.25373021817309066	2.331684836381209	0.2710974278485907	2.3852307846513257	0.2905898706056641	0.9815580142104917	0.16119620818936573	0.909382624591422	-0.00022454951230217648	0.0009662532941275505	0.8172015011746108
TFBS_ENCODE.bed	133628.0	0.33629826	-7.731851070502671e-08	6.677690294054628e-07	-1.0663829641543998e-07	7.31844409074256e-07	-1.0299556407744603e-07	5.22792333867983e-07	0.06652881236597524	0.047003890983351455	0.03492004205158222	0.04729049746577223	0.05104491090371131	0.04156708078829185	0.5190181848477446	0.15211330434533107	2.4879042208442685	1.8309488082723153	1.2491782251221002	1.6191691965443005	2.533467354445536	2.008207843970431	1.0322462031537223	0.11616220138321591	0.7824901232411603	-0.0001150821011215704	0.004367750740590849	0.9790866747885962
TFBS_ENCODE.extend.500.bed	353518.0	0.47764304	1.9571200482459972e-07	3.254053240198118e-07	-6.291875109809553e-08	3.5187071034670225e-07	2.2939849131375922e-08	2.529553739805124e-07	0.1416054803457578	0.03642905352673249	0.09327578996686255	0.040320068475420245	0.10731562023941404	0.030183950964095513	0.5498864389171333	0.1610367552495591	1.9176790639453638	0.48891274057533995	1.1918906797378381	0.4891547335511137	2.01237463909617	0.5457883084849502	1.0936383450696325	0.1477110601500019	0.529075415605738	0.004009048778979619	0.006686064348157	0.5515271459507747
Transcribed_Hoffman.bed	354608.0	0.47785014	-5.745698103964969e-07	3.320327550682123e-07	-2.7225114607176693e-08	3.0116802918200847e-07	-3.115075344339857e-07	2.051963008398161e-07	0.0018539557684843291	0.042106965372013645	0.04997609846899814	0.03377772283040165	0.00791757035177039	0.027991768843759684	0.4617082076541291	0.15924306784446088	-0.0075974978935222995	0.5798879296784667	0.6221483012628759	0.4355330855751145	0.12608838294890584	0.5276804020006114	0.9182655988358019	0.16297191467250402	0.6182480189564474	-0.0006737427377346642	0.00099506713084659	0.5015377168526767
Transcribed_Hoffman.extend.500.bed	786865.0	0.41602737	3.658127525341115e-07	1.7744122260410222e-07	6.353566561756452e-08	2.1875034406093619e-07	2.0417219559476507e-07	1.1845082070749413e-07	0.17249381382776574	0.028307062394713534	0.16672007796719562	0.028433499659610534	0.12048288110473965	0.017788581168879984	0.5109640681651175	0.12083384164090992	1.0719720791354892	0.1181442788689151	0.976021751936512	0.1547590427330317	1.017246159910123	0.12604376086427282	1.0162278215090834	0.12037553451293208	0.8933143705896378	-0.00029616867159192733	0.003646055672787067	0.935590023649649
TSS_Hoffman.bed	16467.0	0.12596475	1.8822415768227074e-06	2.147704435628839e-06	-1.7766742530511692e-06	2.5686085791676305e-06	-9.845756494542002e-07	1.7953868791664718e-06	0.03881009930433085	0.015142090779334556	0.007075360924347284	0.018765497236350168	0.01364458598076541	0.014446246881549298	0.46539027435963937	0.17613967085774027	11.810563436247351	4.697001576440261	2.2150606572004214	5.182788535250097	5.833260632516877	5.853179053151781	0.9255886551129855	0.2163039917848269	0.7323085958254305	-0.00012294801011479212	0.00035637996849526796	0.7315773889753414
TSS_Hoffman.extend.500.bed	32074.0	0.17642461	-2.3169424423485907e-07	1.364059244224336e-06	2.4889236556191463e-06	1.7123794577855733e-06	1.5382662468255148e-06	8.65734705257637e-07	0.04151270626176355	0.01460829998026732	0.0502978403300187	0.018486436280409455	0.0388412739842066	0.008972074620134543	0.5699878588602115	0.18389316064990385	6.388972665302661	2.2467267243405136	7.0488687707240105	2.7316504962747854	8.1165585775584	1.881596545541153	1.1336169335276227	0.24824714244409027	0.5928469531426814	0.00036407558323420784	0.0006592810593748594	0.5833001928348516
UTR_3_UCSC.bed	10457.0	0.10058471	4.396153201469133e-07	2.2507356334244832e-06	1.5068364689341252e-07	2.1391722384578316e-06	7.372042318820604e-07	1.6120015970955137e-06	0.009555578073688797	0.014988810065962404	0.0156807297334339	0.011081045174622465	0.011365102700889935	0.009216082754604471	0.5339703742771632	0.23055662359712598	4.508576215363554	6.984686692423433	6.993036312393258	5.044589470142332	7.2240080606385355	5.782124994337598	1.0619837753967454	0.3717433555110786	0.8682623078981457	-1.7803977138769724e-05	0.00017808729516558488	0.9207734285504894
UTR_3_UCSC.extend.500.bed	24594.0	0.15354621	2.3973191787263204e-07	8.651575171825243e-07	5.1197844186390284e-08	7.794837983965408e-07	1.8168617543778964e-07	7.333649136853637e-07	0.02395709561005109	0.01340244070493794	0.022129296019905684	0.010061655919727488	0.01848164426780141	0.011716351631335623	0.5300816186874585	0.16259071134811331	4.715397419294358	2.713581510402705	4.061742555139658	1.9170934023880983	4.982932820211263	3.161370706459328	1.0542496471722342	0.2691897940586889	0.8411189756018147	-6.471978020047985e-05	0.0003545641551074698	0.8559173069194737
UTR_5_UCSC.bed	4933.0	0.06941212	2.446683993184706e-06	2.36358164329431e-06	2.039048013102729e-06	2.4299292817886453e-06	2.7342766770743765e-06	2.0533746010187315e-06	0.01492120288452896	0.008877386843321193	0.010103146233465267	0.009059455458812772	0.01355344531214188	0.007919985911735141	0.6226855551124383	0.27181326583732063	15.06293267686841	8.836673006426226	9.716969734719369	8.544820504532609	18.54634924656076	10.69120353757925	1.2384244305660295	0.5221990429063569	0.6499921472919294	4.8039677049481466e-05	0.00020729884226213498	0.8177041293193901
UTR_5_UCSC.extend.500.bed	25115.0	0.15506603	-7.104239898581e-07	7.736463771834678e-07	-5.091696309023064e-08	7.205958922895661e-07	-3.9676464780313836e-07	5.363422133086715e-07	0.02563012437701602	0.01121983400245527	0.01660172089229385	0.012808114419121696	0.015194166186568828	0.008467967310910016	0.48751486887385725	0.20352238656100397	5.192196645285517	2.2745709581159548	3.178969053267772	2.286003980220962	4.205288611584477	2.249324027383191	0.9695910221790194	0.33962045539026936	0.9290192436477727	-4.455531084341535e-05	0.00022438531466837956	0.8434237812949226
WeakEnhancer_Hoffman.bed	21864.0	0.14409466	6.596822004212299e-07	1.4541850532623357e-06	-5.169112569092249e-07	1.2263872122275643e-06	6.446917950597708e-07	8.872647754287755e-07	0.022971068182492452	0.023314277661040366	-0.001782752653853665	0.022513071846637988	0.030682982381283273	0.013063387325416072	0.785526883843028	0.27245812021541904	5.1378382601475945	5.23355189264326	-0.09940810957917601	4.740467743485212	9.402057826013907	4.116119801138102	1.5622904302669238	0.4359880822647601	0.20321172238505225	0.0007198057180120165	0.0008461274800134834	0.3990707732091754
WeakEnhancer_Hoffman.extend.500.bed	93143.0	0.28805688	5.278397452457284e-08	4.6373810391742154e-07	3.1438315062359834e-08	3.523758493884088e-07	3.023670558377489e-07	3.687272567276523e-07	0.05212802862524315	0.024639765824447494	0.03004645814981786	0.02484759877551143	0.07037243422812138	0.01900523913347125	0.7662025795148288	0.1859186912572061	2.691850932976847	1.3311308836566176	1.524573632561197	1.211726428441642	5.022346529030524	1.3373576285561373	1.5238574035373837	0.26898582422149525	0.05721332038001137	0.0037964902907106756	0.002488501823557679	0.13353558234677454
GERP_NS	1905789.8	1.5768465	8.390061978502672e-09	7.318352146512552e-08	4.125763197748711e-08	5.906969491320524e-08	-2.2900982443729845e-08	4.064043324092381e-08	0.5663945272002815	0.1019141137921891	0.6116591983283219	0.10161808497868262	0.43291605113175646	0.06500118442598908	0.5114215602280594	0.1217327122667225	1.4660487970827447	0.23756149300020798	1.4616191399286314	0.22377570409032968	1.5255646321069876	0.20954245223107548	1.0171377018538026	0.05877996367252798	0.7718562118658139	0.00930414821495712	0.054725536934063644	0.865698558994761
RSsupp4	71871.0	0.25611857	1.4167258655106707e-07	3.5721177482628264e-07	1.1323199800017392e-07	3.233819541037519e-07	6.450387957102066e-08	2.186149998806286e-07	0.038431625706783636	0.01948495684515854	0.03604857437364993	0.01738781193986212	0.029656042728885133	0.012019095871606255	0.5269001804720078	0.21391508077869745	2.7057312014495705	1.3750723997411671	2.3240958615084804	1.078174774448549	2.727926035687619	1.1267747155776149	1.0479222628640514	0.36318136050136934	0.8955631243623399	4.5787491821067746e-05	0.0008432557837994889	0.956918160531959
FST	84531.86	0.10656817	-7.596950268862201e-08	2.1517742254673067e-07	3.2100720659400395e-07	1.7660730122770474e-07	1.309899886337007e-07	1.630923662787609e-07	0.016670256514432116	0.0031069556173158133	0.022525831824800155	0.002692772129940598	0.01423642191833226	0.00232646110582416	0.5351913243267797	0.17129305689509916	0.9700172919127028	0.1457508694460219	1.2218123342239733	0.11243612668345086	1.1222588162641838	0.1425322085936171	1.0644120545779976	0.19627676799480417	0.744181731894614	8.589373083699251e-06	4.310294822215081e-05	0.8428716639836336
Recomb_rate_10kb	1422768.9	2.2756891	-1.1274562616847561e-08	2.0501019548646582e-08	-2.4942330867361306e-08	1.764736445863946e-08	-8.941277940266446e-09	1.284415773739056e-08	0.2547553834175765	0.10435651559133016	0.2592854713206528	0.10259089596434764	0.2288489604497838	0.05506873164347372	0.5314746344729527	0.14074359750019025	0.888115350691075	0.31581306791634345	0.8458954947882071	0.2702914380354898	1.0539497211000066	0.25016234359704503	1.057020138260001	0.07754522921564576	0.465653014272831	0.016291869161277894	0.027749789352267334	0.5598329117201075
Nucleotide_Diversity_10kb	4653359.0	1.5880882	1.1366305230353646e-08	1.3110360796986242e-08	2.3128361448243595e-09	1.12776481486776e-08	2.2394944565462538e-08	1.1837442137618837e-08	0.9107715449377136	0.11288858660539788	0.9419990073514897	0.11008639964645751	0.6876951990327582	0.06374795128472324	0.5162201311388419	0.12717961962419877	0.9590180812007073	0.028613998021973404	0.9305006537027772	0.02724081406601374	0.9926296128224892	0.032317094200967844	1.026681310821323	0.017991291945495768	0.14447488296940958	0.03817087891437326	0.03130369978617745	0.22854000327024826
AVGLLD	2628.4094	0.98900265	2.2150814515953243e-08	3.132619141865689e-08	-4.689117361067474e-08	2.9225134312582668e-08	-7.528216272589816e-09	2.7102665001166315e-08	-0.012082194050057893	0.02124276654590822	-0.05369034503301005	0.02266590024326011	-0.040174586362691646	0.013612060324783737	0.20591068029497245	0.1516614462938514	-24.536276288968608	38.174098250173955	-95.07002541466528	33.45532833546071	-100.76065765000776	32.62465512853286	0.4095242211708585	0.3085645708435078	0.06151968659954421	0.0011534272419593847	0.001023692163768016	0.2653433721755083
BSTAT	208609.12	0.19313319	8.084121816409606e-08	1.3297572820647474e-07	2.2219408535306684e-08	1.5191795910141082e-07	5.784169587741417e-08	1.2233245172410534e-07	0.05812577833625904	0.004442828547988633	0.05747790328233868	0.004833719330113394	0.038230482460419185	0.004303565857706543	0.44882110822692034	0.10097505599903127	1.3626313748228707	0.10130773533616096	1.256346296017273	0.08992647592985487	1.2314711902834967	0.07884233673126292	0.8926351684544404	0.10731034770233536	0.32198024592073904	-0.00023600545999420664	0.00022591826843025724	0.3013112425565181
ALLELEAGE	16951.256	0.95632374	-5.3382049003403154e-08	3.958989935881618e-08	-3.737342524345877e-08	4.2566416169620425e-08	-6.314459000122952e-08	3.4498352619038997e-08	-0.04499294320374805	0.03433198993891788	-0.03866955280103175	0.03714689616006686	-0.05139571447416899	0.028168837280498016	0.4184851939215873	0.13014255043304188	-13.290213749453484	10.021453463235316	-11.010144318009054	10.07354637949028	-19.801200846878288	10.66010678017612	0.8323017672845703	0.17052612314321045	0.33023344771742136	0.0008436653614582799	0.002696869589767845	0.7557363988657599
CpG	9303.646	0.004393391	-6.320376087387558e-06	1.0439391189720482e-05	-1.8915415012088488e-06	5.608959327219054e-06	-6.976297754590632e-06	5.484978828462772e-06	0.002284068792763108	0.0002645819516714623	0.002413702075165887	0.0002500712212220479	0.0017282526739857923	0.00015562260253228175	0.5447437363997547	0.13222056469062063	1.2098876298209376	0.0602712507239704	1.1923327663062573	0.03474479042201976	1.2539783981565713	0.050730780270361424	1.0834103120209053	0.09050595207077564	0.3612526284741686	1.9914023952034154e-07	2.447696403851649e-07	0.41982028043974884
